|   Real   |   User   |  System  |
|   0    |   0    |   0    |
|   0    |   0    |   0    |
|   0    |   0    |   0    |
|   0    |   0    |   0    |
|   6    |   5    |   1    |
|   1    |   0    |   0    |
|   3    |   3    |   0    |
|   0    |   0    |   0    |
|   268    |   206    |   42    |
|   11    |   2    |   9    |
|   366    |   327    |   39    |
|   1    |   1    |   0    |
|   0    |   0    |   0    |
|   2    |   0    |   2    |
|   0    |   0    |   0    |
|   0    |   0    |   0    |
|   7    |   7    |   1    |
|   0    |   0    |   0    |
|   4    |   3    |   0    |
|   0    |   0    |   0    |
|   760    |   669    |   91    |
|   10    |   2    |   8    |
|   365    |   327    |   38    |
|   5    |   2    |   3    |
|   0    |   0    |   0    |
|   2    |   0    |   2    |
|   0    |   0    |   0    |
|   0    |   0    |   0    |
|   14    |   13    |   1    |
|   1    |   0    |   0    |
|   3    |   3    |   1    |
|   0    |   1    |   0    |
|   1545    |   1353    |   191    |
|   22    |   3    |   9    |
|   447    |   335    |   55    |
|   1    |   1    |   0    |
|   Real   |   User   |  System  |
|   0    |   0    |   0    |
|   1    |   0    |   0    |
|   0    |   0    |   0    |
|   0    |   0    |   0    |
|   3    |   2    |   1    |
|   0    |   0    |   0    |
|   4    |   4    |   0    |
|   0    |   0    |   0    |
|   236    |   205    |   31    |
|   12    |   3    |   8    |
|   367    |   326    |   41    |
|   0    |   1    |   0    |
|   0    |   0    |   0    |
|   2    |   0    |   2    |
|   0    |   0    |   0    |
|   0    |   0    |   0    |
|   8    |   7    |   1    |
|   0    |   0    |   0    |
|   3    |   4    |   0    |
|   1    |   0    |   0    |
|   760    |   666    |   93    |
|   11    |   2    |   11    |
|   366    |   328    |   37    |
|   4    |   1    |   3    |
|   0    |   0    |   0    |
|   2    |   0    |   2    |
|   0    |   0    |   0    |
|   0    |   0    |   0    |
|   15    |   14    |   1    |
|   0    |   0    |   0    |
|   4    |   3    |   0    |
|   0    |   1    |   0    |
|   1544    |   1344    |   200    |
|   15    |   3    |   8    |
|   366    |   329    |   37    |
|   1    |   1    |   0    |
|   Real   |   User   |  System  |
|   0    |   0    |   0    |
|   1    |   0    |   1    |
|   0    |   0    |   0    |
|   0    |   0    |   0    |
|   3    |   2    |   0    |
|   0    |   0    |   0    |
|   4    |   4    |   0    |
|   0    |   0    |   0    |
|   237    |   205    |   33    |
|   12    |   2    |   9    |
|   366    |   328    |   39    |
|   1    |   1    |   0    |
|   0    |   0    |   0    |
|   2    |   0    |   2    |
|   0    |   0    |   0    |
|   0    |   0    |   0    |
|   7    |   6    |   0    |
|   0    |   1    |   0    |
|   4    |   3    |   1    |
|   0    |   0    |   0    |
|   762    |   666    |   95    |
|   11    |   3    |   9    |
|   366    |   329    |   36    |
|   4    |   2    |   3    |
|   0    |   0    |   0    |
|   2    |   0    |   2    |
|   0    |   0    |   0    |
|   0    |   0    |   0    |
|   15    |   14    |   1    |
|   0    |   0    |   0    |
|   4    |   3    |   0    |
|   0    |   0    |   0    |
|   1549    |   1358    |   191    |
|   14    |   4    |   7    |
|   366    |   331    |   35    |
|   1    |   1    |   0    |
|   Real   |   User   |  System  |
|   0    |   0    |   0    |
|   2    |   0    |   1    |
|   0    |   0    |   0    |
|   0    |   0    |   0    |
|   2    |   2    |   1    |
|   0    |   0    |   0    |
|   4    |   3    |   0    |
|   0    |   0    |   0    |
|   236    |   203    |   34    |
|   11    |   2    |   9    |
|   371    |   332    |   38    |
|   1    |   0    |   0    |
|   0    |   0    |   1    |
|   2    |   0    |   2    |
|   0    |   0    |   0    |
|   0    |   0    |   0    |
|   7    |   7    |   0    |
|   0    |   1    |   0    |
|   4    |   3    |   0    |
|   0    |   0    |   0    |
|   759    |   669    |   90    |
|   11    |   3    |   8    |
|   370    |   336    |   34    |
|   4    |   1    |   3    |
|   0    |   0    |   0    |
|   3    |   0    |   2    |
|   0    |   0    |   0    |
|   0    |   0    |   0    |
|   15    |   14    |   2    |
|   0    |   0    |   0    |
|   3    |   3    |   0    |
|   1    |   0    |   0    |
|   1538    |   1343    |   197    |
|   16    |   2    |   8    |
|   368    |   332    |   37    |
|   1    |   1    |   0    |
|   Real   |   User   |  System  |
|   0    |   0    |   0    |
|   2    |   0    |   1    |
|   0    |   0    |   0    |
|   0    |   0    |   0    |
|   2    |   2    |   1    |
|   0    |   0    |   0    |
|   4    |   2    |   1    |
|   0    |   0    |   0    |
|   235    |   201    |   34    |
|   11    |   2    |   9    |
|   373    |   334    |   38    |
|   0    |   1    |   0    |
|   0    |   0    |   0    |
|   2    |   0    |   2    |
|   0    |   0    |   0    |
|   0    |   0    |   0    |
|   7    |   7    |   1    |
|   1    |   0    |   0    |
|   3    |   3    |   1    |
|   0    |   0    |   0    |
|   756    |   664    |   91    |
|   12    |   2    |   10    |
|   370    |   333    |   38    |
|   5    |   1    |   3    |
|   0    |   0    |   0    |
|   2    |   0    |   2    |
|   0    |   0    |   0    |
|   0    |   0    |   0    |
|   15    |   13    |   2    |
|   0    |   0    |   0    |
|   4    |   4    |   0    |
|   0    |   0    |   0    |
|   1533    |   1339    |   195    |
|   14    |   1    |   9    |
|   372    |   335    |   37    |
|   1    |   1    |   0    |
|   Real   |   User   |  System  |
|   0    |   0    |   0    |
|   2    |   0    |   1    |
|   0    |   0    |   0    |
|   0    |   0    |   0    |
|   3    |   2    |   1    |
|   0    |   0    |   0    |
|   4    |   3    |   1    |
|   0    |   0    |   0    |
|   234    |   204    |   30    |
|   11    |   3    |   7    |
|   374    |   337    |   38    |
|   0    |   0    |   0    |
|   0    |   0    |   0    |
|   2    |   0    |   2    |
|   0    |   0    |   0    |
|   0    |   0    |   0    |
|   8    |   7    |   0    |
|   0    |   0    |   0    |
|   4    |   4    |   0    |
|   0    |   0    |   0    |
|   754    |   661    |   94    |
|   11    |   2    |   9    |
|   370    |   334    |   36    |
|   5    |   1    |   3    |
|   0    |   0    |   0    |
|   2    |   0    |   2    |
|   0    |   0    |   0    |
|   0    |   0    |   0    |
|   15    |   14    |   1    |
|   0    |   0    |   0    |
|   4    |   4    |   0    |
|   0    |   0    |   1    |
|   1531    |   1327    |   203    |
|   14    |   3    |   9    |
|   370    |   336    |   34    |
|   1    |   1    |   0    |
|   Real   |   User   |  System  |
|   0    |   0    |   0    |
|   2    |   0    |   1    |
|   0    |   0    |   0    |
|   0    |   0    |   0    |
|   2    |   2    |   0    |
|   0    |   0    |   0    |
|   4    |   3    |   1    |
|   0    |   0    |   0    |
|   234    |   202    |   33    |
|   13    |   4    |   8    |
|   374    |   335    |   39    |
|   1    |   0    |   0    |
|   0    |   0    |   0    |
|   2    |   0    |   2    |
|   0    |   0    |   0    |
|   0    |   0    |   0    |
|   7    |   7    |   1    |
|   1    |   0    |   0    |
|   3    |   3    |   1    |
|   0    |   0    |   0    |
|   756    |   668    |   88    |
|   11    |   2    |   9    |
|   371    |   334    |   37    |
|   5    |   1    |   3    |
|   0    |   0    |   0    |
|   2    |   0    |   2    |
|   0    |   0    |   0    |
|   0    |   0    |   0    |
|   14    |   14    |   1    |
|   1    |   0    |   0    |
|   3    |   3    |   1    |
|   0    |   0    |   0    |
|   1531    |   1326    |   205    |
|   15    |   1    |   11    |
|   373    |   336    |   36    |
|   0    |   1    |   0    |
